10 1e-06 
1024 2048 4096 8192 16384 32768 65536 131072 262144 524288 
512 1024 2048 4096 8192 16384 32768 65536 131072 262144 
256 512 1024 2048 4096 8192 16384 32768 65536 131072 
128 256 512 1024 2048 4096 8192 16384 32768 65536 
64 128 256 512 1024 2048 4096 8192 16384 32768 
32 64 128 256 512 1024 2048 4096 8192 16384 
16 32 64 128 256 512 1024 2048 4096 8192 
8 16 32 64 128 256 512 1024 2048 4096 
4 8 16 32 64 128 256 512 1024 2048 
2 4 8 16 32 64 128 256 512 1024 
1 2 3 4 5 6 7 8 9 10 