10 1e-06 
1024 512 256 128 64 32 16 8 4 2 
2048 1024 512 256 128 64 32 16 8 4 
4096 2048 1024 512 256 128 64 32 16 8 
8192 4096 2048 1024 512 256 128 64 32 16 
16384 8192 4096 2048 1024 512 256 128 64 32 
32768 16384 8192 4096 2048 1024 512 256 128 64 
65536 32768 16384 8192 4096 2048 1024 512 256 128 
131072 65536 32768 16384 8192 4096 2048 1024 512 256 
262144 131072 65536 32768 16384 8192 4096 2048 1024 512 
524288 262144 131072 65536 32768 16384 8192 4096 2048 1024 
1 2 3 4 5 6 7 8 9 10 